839
2000
1500
810
290
220
480
320
450
200
250
800
240
760
940
950
760
430
550
550
750
790
790
500
790
660
360
390
450
720
910
810
350
960
1000
710
930
710
280
890
480
730
680
570
560
760
800
430
510
850
700
650
680
360
820
280
460
340
850
390
840
220
710
900
940
450
440
550
710
970
480
960
880
850
230
370
860
450
740
300
360
900
830
890
720
550
350
250
580
250
630
970
450
520
740
470
660
880
300
510
220
590
820
350
630
430
890
770
400
270
260
280
420
490
590
610
290
420
940
600
870
560
410
1000
800
860
480
800
240
680
250
530
290
340
740
520
620
980
940
790
260
910
890
750
390
350
790
590
960
590
920
640
380
270
290
830
300
490
510
610
880
420
600
530
440
810
810
870
600
1000
900
300
370
930
210
600
470
980
350
870
310
340
690
690
700
910
630
1000
340
470
530
320
790
960
490
340
590
820
230
970
800
970
560
560
480
480
720
1000
510
830
710
490
280
740
610
660
300
930
920
660
440
670
780
480
610
630
680
460
240
330
740
460
790
990
810
710
220
230
280
820
630
320
210
740
930
540
960
590
570
610
640
380
820
250
530
500
830
670
880
850
690
450
980
1000
630
960
980
970
730
660
320
910
770
840
760
950
950
450
770
760
530
340
830
680
720
520
770
960
550
530
360
630
280
790
940
450
260
290
840
560
660
570
1000
470
330
570
450
500
520
310
940
790
860
320
250
750
300
870
380
750
350
390
250
610
920
390
900
890
210
600
550
360
480
740
230
720
500
580
210
320
480
620
410
850
530
770
810
470
870
230
880
820
210
480
570
310
350
430
420
880
690
380
930
610
250
500
630
630
250
320
480
600
970
720
750
420
340
290
950
470
770
570
230
730
460
300
720
660
570
320
210
710
680
590
250
820
450
630
520
470
910
730
350
780
440
630
980
250
860
1000
430
570
430
930
370
300
280
660
570
430
240
220
840
580
870
600
440
220
310
570
700
370
450
840
750
740
330
690
250
730
280
500
760
770
530
700
610
660
240
230
960
270
530
720
890
890
640
810
260
960
250
250
850
680
990
430
700
810
440
540
770
650
210
790
990
880
910
690
540
450
690
220
920
220
470
670
570
450
240
200
260
1000
520
1000
200
540
1000
650
880
610
660
460
750
710
240
500
720
560
710
910
960
760
280
460
450
380
340
430
720
820
870
810
970
600
980
840
440
870
540
820
580
970
370
370
330
660
810
380
500
550
300
650
580
280
810
210
1000
470
1000
690
230
350
960
290
280
890
870
650
430
540
620
250
570
430
800
790
700
530
760
210
250
700
830
770
630
870
620
410
800
290
620
390
990
850
590
400
350
850
890
430
690
590
220
450
430
680
760
400
930
200
320
430
210
380
200
290
780
650
720
910
430
510
870
910
200
450
670
510
630
750
480
910
870
560
760
820
870
500
890
780
830
780
490
210
640
760
870
670
460
610
580
910
650
940
700
270
1000
750
620
740
890
620
660
270
510
410
510
620
870
750
770
330
880
690
1000
990
880
900
840
560
830
710
890
900
890
270
730
400
980
360
990
310
470
430
930
870
670
270
370
760
960
720
840
940
350
500
410
620
240
390
770
690
990
800
750
650
560
760
340
740
640
210
500
620
310
290
660
390
350
230
610
430
640
750
980
800
400
950
390
590
830
370
490
410
870
800
400
260
510
1000
990
520
900
960
600
310
440
680
290
1000
980
800
830
820
630
830
500
620
330
420
660
740
810
360
660
900
650
560
630
930
300
740
350
380
860
400
210
730
890
490
200
610
890
440
390
680
600
220
480
370
620
270
920
250
890
720
260
850
550
470
890
720
260
460
200
760
900
240
870
930
660
930
800
1000
880
420
340
340
860
400
360
380
300
980
770
390
780
300
430
510
470
270
680
720
860
250
270
300
980
1000
870
410
900
750
230
860
220
900
420
410
620
340
660
760
270
280
510
290
970
550
330
460
960
400
700
850
370
550
990
500
510
200
990
710
500
320
580
460
600
410
240
580
560
240
540
860
300
910
280
290
540
910
480
520
340
250
570
850
730
850
510
770
340
450
720
450
970
950
540
330
340
490
360
480
860
820
310
500
500
760
710
940
780
410
940
260
320
770
700
900
910
240
660
660
320
280
380
300
510
720
260
890
660
230
980
280
960
730
380
730
460
320
830
530
610
550
880
860
280
500
290
200
770
430
840
300
320
680
520
640
570
770
1000
710
940
430
950
680
980
810
400
980
910
850
350
300
620
510
530
470
210
670
580
360
700
560
850
520
210
710
800
910
790
350
820
840
890
540
700
570
490
210
880
800
770
480
670
530
380
960
770
290
340
880
220
930
760
630
730
270
650
500
870
210
650
440
910
330
380
260
200
700
270
230
650
580
400
300
420
720
980
420
540
520
720
830
680
900
200
740
740
620
440
380
750
600
810
960
770
880
270
760
690
310
510
320
430
590
690
270
330
960
240
850
470
750
530
480
670
820
450
480
710
560
550
920
330
270
330
500
730
670
480
970
980
800
340
350
730
720
360
560
700
350
880
250
600
290
590
370
740
220
560
290
400
730
310
920
540
960
700
720
460
450
430
820
350
500
210
900
560
440
590
300
940
440
430
370
420
600
520
710
260
320
450
410
560
560
750
550
730
340
970
700
920
370
680
560
840
510
230
700
380
840
280
670
520
680
470
230
590
560
620
450
870
900
210
840
530
980
530
860
260
580
430
220
630
320
470
420
680
370
850
840
950
450
580
830
200
410
380
510
580
720
470
200
850
970
970
620
570
950
290
970
590
320
800
660
890
940
590
1000
380
370
700
990
900
380
810
800
220
270
390
710
690
210
400
930
530
230
450
660
610
420
440
990
330
570
480
600
830
770
640
600
680
350
870
900
300
870
940
990
280
690
520
840
210
970
300
400
470
420
340
840
450
700
970
680
310
720
960
260
410
590
720
820
780
900
880
850
900
300
580
240
780
690
340
720
260
820
250
740
460
880
690
960
920
220
940
580
760
720
230
710
570
530
250
250
380
200
200
910
620
680
820
230
580
860
980
740
600
260
870
460
380
500
340
360
370
240
560
310
1000
340
620
500
420
840
540
540
380
770
860
780
780
680
390
290
340
500
550
420
200
640
210
710
780
340
570
920
860
200
260
360
910
330
830
610
290
360
230
270
690
720
380
200
940
920
550
940
930
440
610
750
810
200
500
620
960
730
410
600
750
660
280
240
260
520
740
650
530
830
450
760
570
770
200
580
710
310
700
290
510
820
790
990
830
760
760
480
760
770
890
560
270
300
480
290
950
660
580
420
860
560
560
1000
830
560
790
770
410
960
290
930
690
950
710
650
290
870
420
990
860
600
570
240
530
450
890
210
230
440
660
670
600
540
920
910
1000
270
870
250
350
810
900
740
300
820
730
810
260
830
360
540
500
960
950
910
810
810
710
490
410
910
520
310
660
790
940
260
520
750
900
960
410
800
290
740
700
530
590
880
770
460
260
510
320
740
490
790
390
800
790
600
380
930
630
590
200
750
950
420
520
490
560
420
930
970
360
280
860
870
830
1000
770
720
240
580
920
1000
260
880
620
630
470
680
760
490
280
460
310
530
670
920
870
770
470
430
530
450
540
510
890
250
760
320
680
810
780
840
830
380
740
260
940
480
610
950
330
980
290
350
730
360
260
590
410
630
590
790
380
790
960
230
410
660
610
860
420
210
760
950
450
230
380
470
520
790
480
610
790
410
880
460
570
600
700
870
840
410
590
220
670
560
440
320
660
230
330
390
860
550
450
610
860
820
760
610
400
890
720
630
390
700
540
780
370
550
490
790
670
580
540
750
740
770
510
830
280
840
920
670
360
770
770
930
640
670
320
990
680
570
750
950
730
570
310
690
320
260
660
330
420
950
420
880
330
450
910
890
340
580
680
580
440
220
750
210
550
660
490
210
290
940
820
280
430
730
990
870
220
340
500
910
330
590
550
970
930
930
790
250
810
740
560
740
860
300
860
670
640
210
480
700
350
830
320
580
350
390
900
200
570
940
860
760
410
660
490
530
820
960
890
790
450
310
310
370
280
780
960
820
310
390
260
460
430
300
220
470
300
770
270
540
530
410
500
210
820
240
520
830
580
650
690
490
930
360
260
670
310
880
610
980
310
890
610
340
810
840
710
900
500
930
420
650
250
710
400
570
350
880
230
780
1000
350
710
780
330
320
990
680
800
580
490
660
670
730
520
980
960
240
680
400
730
610
390
500
770
520
380
420
340
470
220
860
220
220
740
750
760
710
740
420
750
290
280
690
950
260
840
880
400
830
710
510
910
200
510
750
970
310
270
350
370
300
1000
450
490
800
880
590
660
470
700
260
970
370
220
740
480
800
350
700
240
740
900
790
670
960
630
1000
720
530
950
220
410
980
260
950
660
790
960
990
930
600
700
350
420
990
980
450
520
380
220
560
480
910
350
990
490
500
750
450
740
440
320
470
520
800
310
580
400
880
250
290
250
950
710
540
230
940
860
690
730
720
330
390
330
880
710
580
590
240
990
810
510
900
470
900
930
560
500
