424
1000
1500
400
280
580
320
490
630
980
970
220
530
930
480
490
690
370
660
350
440
580
790
900
700
290
580
800
670
550
530
320
730
840
200
290
800
850
630
410
960
440
460
530
290
670
890
420
700
910
600
210
480
550
630
660
930
930
970
740
310
560
760
200
650
660
640
650
340
380
1000
930
1000
400
690
940
530
750
570
1000
440
910
350
760
860
480
270
950
820
780
960
740
540
860
230
770
980
310
970
450
470
1000
910
450
710
590
500
970
780
440
230
730
920
370
510
350
380
250
240
260
220
280
700
390
930
470
480
600
550
430
450
960
820
710
900
790
800
360
390
720
220
730
590
680
470
430
770
890
860
350
840
860
830
810
300
930
910
1000
440
790
960
650
930
920
210
840
640
480
760
290
340
990
750
780
520
860
860
450
690
510
560
670
910
750
410
660
290
790
730
790
940
580
750
370
760
1000
240
310
450
450
890
260
210
670
640
890
310
910
500
290
520
750
720
590
770
980
910
840
630
780
560
910
340
990
790
550
850
360
720
630
360
940
200
720
590
430
470
220
830
530
490
940
240
610
640
950
1000
320
990
300
610
270
630
360
870
290
480
600
800
490
550
730
890
930
900
240
770
470
350
860
740
1000
420
950
940
370
210
230
690
680
210
210
440
680
890
830
520
980
880
330
670
350
820
460
520
920
890
480
820
900
810
520
620
830
510
270
640
280
780
500
230
690
970
560
400
850
200
310
660
600
400
1000
870
680
460
540
310
750
380
540
290
470
290
900
300
870
550
320
990
270
610
570
310
200
830
520
880
710
220
990
960
960
880
830
510
350
390
820
730
330
770
630
440
580
800
590
570
530
850
860
420
590
820
500
550
300
390
260
870
350
630
320
330
310
860
750
780
260
240
290
250
510
860
590
720
920
450
430
320
990
210
300
710
760
280
330
680
1000
530
320
600
770
870
980
1000
570
980
840
840
220
700
350
440
250
900
630
370
520
460
550
550
810
670
760
360
790
640
390
650
310
500
790
440
770
700
860
570
500
730
540
470
690
380
790
680
270
560
670
630
440
610
760
650
270
690
920
230
510
760
940
610
410
380
510
600
520
400
350
650
650
630
420
910
870
920
250
790
400
520
740
530
360
950
400
320
210
330
680
830
810
490
580
580
370
840
710
890
570
750
670
960
930
820
970
220
620
960
760
230
520
300
980
390
230
690
610
690
480
770
340
690
640
400
360
850
900
330
600
400
450
580
340
330
260
470
670
440
980
340
220
450
790
400
380
590
250
960
360
290
440
620
820
610
970
350
230
930
870
350
540
200
550
240
460
480
980
970
740
1000
240
510
890
690
580
270
750
990
230
430
220
970
870
960
880
540
490
760
770
890
730
230
560
830
810
540
750
420
790
420
510
500
900
870
900
230
710
630
400
280
290
780
260
850
820
570
1000
980
340
390
640
770
400
730
760
230
300
210
330
560
380
480
960
880
370
340
200
360
650
540
980
720
630
830
230
330
570
370
930
990
500
780
760
400
420
470
570
250
590
680
780
550
980
840
500
680
360
400
840
1000
470
470
900
650
300
200
370
400
660
640
730
920
600
670
260
730
890
820
300
280
1000
460
790
850
670
480
880
250
940
860
650
550
530
990
700
270
660
610
980
710
480
310
890
480
720
570
610
560
380
400
580
980
380
340
310
380
310
400
440
350
730
770
310
400
360
850
940
750
670
220
330
270
310
300
510
980
520
740
230
920
420
950
640
1000
500
860
850
690
780
640
480
350
640
790
560
500
890
820
490
570
520
430
330
630
830
260
800
220
960
210
230
370
310
560
260
680
940
810
550
260
720
440
590
690
390
690
750
390
350
370
760
890
460
410
670
420
350
530
740
590
710
580
830
980
870
470
630
270
270
810
740
500
920
890
530
200
410
860
910
460
660
820
700
650
520
430
560
510
930
340
940
750
1000
510
760
710
620
210
680
480
490
220
290
1000
250
530
790
840
250
680
960
920
290
580
240
570
580
590
770
230
860
680
300
470
440
510
330
410
250
380
940
480
440
200
940
990
500
830
860
960
880
240
460
830
880
780
870
260
930
970
460
490
970
780
380
660
510
870
900
770
690
350
960
280
760
900
280
920
300
280
400
740
810
910
1000
530
310
820
470
980
480
440
320
700
760
350
950
540
860
870
460
600
350
250
830
750
960
570
810
620
470
520
490
860
670
600
900
410
440
470
970
550
890
980
210
540
770
610
570
600
500
600
750
600
630
300
880
650
730
810
960
420
930
420
670
210
320
420
290
510
890
360
340
480
