853
2000
1500
970
970
460
860
650
250
460
590
350
490
520
920
660
560
290
400
400
500
320
890
700
820
830
310
430
910
520
810
250
870
480
730
310
760
780
650
590
470
670
570
780
930
280
430
790
890
720
920
540
760
810
570
300
640
250
510
210
910
810
610
370
710
920
600
300
960
420
640
410
460
580
560
290
900
960
310
350
920
580
740
300
560
440
750
680
450
440
220
980
340
510
470
790
960
280
500
320
740
250
590
630
860
560
690
500
270
210
860
630
420
790
680
780
360
260
470
640
750
430
1000
510
780
230
290
470
230
300
650
420
760
860
870
880
510
830
630
900
580
720
600
930
870
750
250
520
960
500
550
830
700
640
880
450
610
600
590
990
790
400
980
670
340
360
630
590
210
320
590
930
980
230
890
1000
670
410
460
980
640
240
260
440
280
470
300
360
530
440
900
330
790
670
920
300
860
310
340
810
630
350
520
860
990
260
630
620
530
270
750
290
230
690
460
930
770
920
920
820
760
860
590
380
830
970
260
760
960
550
770
600
940
810
300
520
750
640
650
750
320
790
410
980
290
810
870
520
440
820
980
420
690
750
750
930
600
320
490
470
670
810
370
520
270
900
590
220
240
200
920
320
860
350
410
280
890
320
550
990
510
970
500
890
880
560
590
670
570
250
690
520
460
360
650
850
480
940
720
400
860
690
660
710
340
770
740
790
690
340
630
460
710
700
250
210
780
700
600
300
630
590
450
520
800
930
760
410
790
550
960
960
360
680
890
900
920
400
220
560
860
500
340
840
210
520
820
830
240
520
860
400
630
820
510
670
640
980
300
930
400
360
270
670
410
720
870
890
710
270
690
380
870
1000
310
210
350
940
570
880
270
840
570
470
520
970
230
820
850
440
320
550
930
420
480
910
990
320
450
450
990
960
820
940
460
750
230
380
640
280
690
270
980
300
870
230
870
680
750
250
200
710
670
870
810
680
870
560
630
440
820
790
510
950
770
490
340
580
680
280
480
630
780
800
700
750
520
900
520
380
730
390
750
760
540
910
820
480
410
270
890
220
970
950
440
1000
440
230
710
440
290
720
790
650
890
930
440
400
630
720
980
910
700
620
230
270
930
720
320
960
550
900
560
490
480
320
670
890
950
700
410
670
560
900
970
830
240
800
340
480
760
610
640
460
870
370
200
440
610
220
740
690
280
530
960
760
610
990
470
680
840
890
660
630
690
650
260
450
600
490
980
420
560
660
540
960
880
210
200
680
910
640
820
430
360
800
970
340
480
660
330
910
820
400
340
820
850
730
570
310
840
810
360
510
310
850
460
310
470
220
320
360
920
210
220
780
790
920
920
380
370
210
450
460
300
690
940
790
490
210
290
1000
220
820
920
740
440
860
390
660
260
870
540
450
480
570
620
920
240
590
910
540
820
760
890
930
580
660
670
270
570
370
860
900
940
760
300
320
580
710
310
740
550
480
290
530
290
480
910
460
520
470
590
560
860
440
1000
490
540
640
910
980
860
730
480
370
360
770
710
210
750
770
900
830
680
670
800
640
560
470
480
230
580
860
560
400
690
580
680
460
610
960
800
800
440
390
940
660
430
780
950
420
750
520
800
250
690
540
560
960
530
440
470
930
940
860
210
680
850
810
450
930
960
410
330
820
670
930
890
780
970
1000
600
840
450
350
690
220
500
350
800
390
990
710
890
700
640
670
950
310
210
250
910
230
790
890
530
770
760
290
550
820
890
970
370
800
590
770
940
990
410
380
630
460
970
890
320
200
440
690
290
490
260
720
930
540
600
840
450
960
900
770
870
570
310
670
730
610
590
310
420
990
220
470
540
750
600
940
510
390
700
860
400
350
220
840
830
340
320
300
680
240
550
470
550
600
860
790
920
690
780
600
600
490
220
840
960
790
290
300
480
260
930
900
900
980
330
510
590
670
370
870
900
700
780
810
750
300
870
330
1000
360
380
740
370
310
720
780
490
490
610
960
330
630
870
600
260
520
420
720
600
380
910
240
750
930
440
860
350
600
950
900
360
910
770
630
940
200
530
610
980
660
240
510
790
440
610
520
680
980
740
670
350
480
770
560
920
680
810
380
270
810
600
760
880
760
800
690
960
1000
1000
640
560
360
680
300
770
300
540
960
340
840
740
710
990
230
530
540
200
470
880
230
630
360
520
370
970
890
610
440
630
680
830
890
1000
570
290
520
920
660
410
510
320
300
330
460
250
480
590
770
320
920
380
490
410
550
960
210
270
960
600
860
660
920
820
370
760
530
830
480
770
220
250
260
490
860
420
800
780
390
960
280
760
310
400
570
400
290
950
240
770
520
650
760
820
340
200
430
890
910
580
880
470
630
920
210
790
580
430
250
390
540
730
940
250
920
870
390
610
470
990
650
680
320
800
730
910
530
670
930
210
720
850
550
940
750
940
590
260
780
750
490
960
350
700
720
790
950
710
520
900
690
470
510
250
520
370
740
350
700
680
710
460
460
910
550
700
440
310
470
470
350
400
310
470
500
940
460
680
610
240
350
950
890
550
570
670
250
860
710
570
830
970
920
430
750
790
260
550
400
810
830
260
850
320
810
910
470
740
710
790
540
860
520
810
1000
820
460
840
350
970
900
440
740
600
980
300
840
250
670
510
330
360
830
720
300
350
220
380
960
520
480
690
370
550
330
980
400
670
620
580
390
570
460
790
510
230
850
550
700
750
960
330
310
980
850
740
590
420
540
900
280
540
400
470
380
790
860
650
980
830
570
750
260
240
650
730
960
930
240
620
580
360
510
300
420
720
610
800
960
780
610
450
480
980
810
840
210
340
220
340
330
280
650
960
820
570
750
940
610
950
380
270
620
960
980
850
250
390
490
470
960
380
420
790
400
200
570
580
990
200
800
390
760
430
910
750
360
660
250
410
460
380
480
300
1000
630
940
850
790
530
1000
340
530
260
830
410
730
750
770
840
740
540
370
330
600
420
200
470
980
930
230
420
230
590
640
960
450
990
760
700
560
640
660
200
330
440
310
480
860
770
880
430
570
460
510
810
850
300
690
1000
910
690
330
890
480
290
790
920
880
560
310
440
790
890
800
700
660
360
710
620
680
660
870
890
810
550
940
930
900
930
720
850
340
350
400
700
920
450
280
300
580
680
550
970
900
890
650
610
780
320
950
430
330
620
530
790
410
730
260
290
730
240
310
980
980
270
610
560
420
870
650
500
270
940
490
320
550
780
540
970
930
950
860
820
250
250
440
230
460
770
650
680
300
400
280
1000
510
270
460
580
920
400
760
200
230
470
570
500
390
920
550
970
1000
940
280
690
790
920
730
820
560
330
280
300
460
1000
270
600
690
720
420
1000
680
510
350
610
570
260
560
570
820
710
600
710
980
310
860
300
330
920
880
860
930
360
630
610
340
900
460
650
380
580
700
950
700
720
570
640
660
500
510
460
290
910
820
770
840
290
400
700
670
860
390
880
650
470
380
930
430
440
270
890
960
500
690
410
350
920
880
690
730
250
410
780
850
910
750
300
340
270
970
330
390
400
420
490
270
650
730
530
700
970
450
940
450
310
810
360
210
370
350
440
300
230
680
650
1000
980
990
370
690
420
600
230
890
200
570
580
710
390
770
220
970
650
390
970
240
530
930
430
540
690
300
350
740
280
880
790
590
940
980
590
560
390
910
290
790
940
440
580
360
640
440
900
800
790
590
500
400
590
640
930
750
1000
550
390
980
250
880
800
680
330
760
480
600
650
840
250
450
880
660
400
930
620
470
790
670
730
690
270
830
480
530
540
560
780
230
350
200
810
800
540
870
880
630
450
650
530
500
400
710
220
680
970
530
830
310
350
230
740
650
660
960
420
230
400
480
530
990
770
390
840
220
990
420
810
310
840
890
490
320
520
870
730
690
1000
870
430
750
340
1000
920
900
300
980
450
440
950
380
250
600
310
900
790
610
840
520
400
750
510
200
720
480
530
980
500
1000
500
470
370
500
800
220
280
980
450
480
520
830
370
610
920
430
560
230
890
210
820
330
290
580
390
900
250
760
850
950
250
610
840
550
240
670
530
590
210
750
650
290
630
450
420
930
780
460
350
830
600
780
620
780
990
480
700
740
760
840
310
660
870
830
660
240
710
460
890
780
1000
490
360
690
510
630
630
340
860
310
920
810
610
250
360
990
590
730
920
760
270
730
820
350
810
910
760
880
900
860
420
1000
1000
650
430
500
480
680
330
330
1000
280
530
670
510
450
870
240
450
680
740
280
670
530
380
330
580
980
660
630
980
630
680
290
760
290
680
760
780
390
550
580
200
630
870
630
710
510
650
830
630
210
820
530
520
740
450
530
230
410
400
380
600
390
690
290
850
320
690
290
760
380
400
830
270
350
290
810
440
1000
900
620
660
270
610
680
320
980
820
500
230
500
680
850
200
390
200
260
480
780
670
480
470
250
260
570
830
630
970
810
500
240
230
500
840
670
440
910
360
690
400
280
540
550
340
500
440
580
350
230
910
1000
1000
860
350
440
290
650
770
540
320
200
880
920
600
380
740
470
850
290
860
870
770
840
640
