212
500
1500
700
780
720
720
960
350
690
810
200
220
860
550
850
600
210
710
670
630
350
720
900
900
260
200
950
690
490
200
430
450
260
650
900
450
720
850
570
540
230
940
860
840
600
910
640
450
760
780
850
330
240
850
380
930
910
1000
560
820
440
1000
900
390
900
620
360
540
590
420
610
960
290
990
270
640
960
420
940
350
230
770
520
350
640
960
700
860
790
640
770
490
320
920
580
870
430
510
730
790
350
340
400
1000
440
480
650
290
500
880
510
860
790
750
810
650
900
440
730
500
700
360
740
380
720
390
480
830
240
640
700
800
700
390
370
690
710
460
690
390
330
410
460
830
350
680
720
570
280
600
290
350
260
540
960
600
360
660
390
740
370
920
330
810
980
490
800
930
360
680
430
860
820
520
1000
300
560
630
420
360
290
290
570
470
290
610
900
850
830
330
1000
260
920
540
950
460
660
980
930
710
760
900
200
210
450
980
940
700
710
550
230
590
630
540
450
730
900
820
270
500
870
510
270
940
300
780
210
720
450
230
930
840
520
250
590
970
360
330
560
450
360
730
240
210
580
950
510
310
870
290
470
860
410
980
360
670
850
830
610
480
250
330
700
350
530
670
330
750
380
210
790
830
670
710
620
620
890
630
350
650
940
530
720
420
910
360
300
1000
450
440
810
280
500
520
700
220
860
870
210
970
370
490
590
780
220
430
600
940
260
900
800
840
870
490
440
450
630
460
900
270
640
520
370
560
670
240
430
810
770
340
350
900
420
340
770
480
300
810
700
700
930
720
800
910
850
850
290
250
580
220
290
950
830
250
710
540
950
850
970
390
610
780
950
550
860
830
470
970
900
920
500
830
330
610
280
550
340
200
810
250
270
460
360
840
840
800
880
910
530
660
470
800
200
440
460
840
500
840
210
400
930
670
900
420
870
450
260
340
710
850
750
560
260
450
300
360
400
290
380
390
710
550
930
920
310
380
620
220
810
410
990
320
650
920
380
970
250
530
570
760
670
460
420
920
280
720
980
390
300
890
440
630
500
210
400
440
480
970
920
440
990
930
470
480
840
790
890
320
490
430
270
470
520
990
400
490
650
640
660
350
540
510
220
300
540
690
200
1000
200
910
930
640
960
630
860
590
500
750
760
530
810
590
