425
1000
1500
720
270
570
330
720
950
640
970
360
240
840
710
880
830
710
500
890
380
230
470
450
830
740
460
530
760
850
410
830
860
540
490
700
800
870
860
440
870
1000
640
450
280
840
340
930
960
660
700
500
320
380
360
680
900
790
450
480
690
290
520
440
700
520
890
830
860
560
250
210
930
630
300
240
750
690
980
200
390
950
610
520
250
470
380
800
780
570
560
790
570
850
870
970
970
590
220
920
350
300
270
1000
360
330
810
450
970
560
210
490
410
470
270
980
800
350
420
360
860
980
660
340
790
740
750
840
510
230
630
880
900
290
570
220
340
360
440
680
670
490
240
370
540
790
700
520
200
550
490
860
710
690
240
860
590
900
580
940
540
580
860
800
500
850
700
500
440
770
930
610
290
770
910
590
720
740
440
850
780
450
870
1000
660
940
220
720
560
900
720
490
340
840
320
700
630
350
860
650
450
920
670
630
610
890
990
510
330
520
790
950
840
710
230
950
470
230
820
530
570
560
210
830
430
1000
800
780
290
490
740
500
840
760
650
960
840
680
850
380
710
480
560
650
720
990
810
450
230
250
420
640
220
870
560
480
650
630
620
610
470
220
850
900
650
850
370
540
390
760
320
790
390
1000
700
1000
500
470
630
520
500
410
310
900
730
630
410
220
700
800
330
660
200
350
590
950
830
410
730
700
660
220
520
960
860
200
630
230
760
580
690
800
240
600
960
650
550
450
720
480
990
930
810
530
970
920
450
830
380
550
680
800
260
900
700
540
810
720
970
400
640
600
810
670
250
590
400
970
720
980
200
810
570
650
330
380
810
390
510
350
900
760
700
230
620
380
840
840
920
840
870
670
720
840
800
770
470
460
980
550
410
460
810
570
360
720
300
550
410
480
490
830
340
300
950
910
320
260
290
500
1000
830
630
330
320
850
350
570
270
630
970
760
400
290
910
930
580
820
490
890
610
530
900
640
880
450
200
450
820
670
820
440
780
230
380
850
940
740
960
1000
390
690
470
900
230
200
350
790
370
950
940
290
320
420
890
220
910
330
700
890
710
670
380
420
970
500
320
940
290
280
910
370
840
650
690
790
390
510
350
720
260
600
670
510
350
570
950
970
990
620
770
590
950
530
250
200
270
420
360
290
760
900
510
830
550
720
670
320
580
750
570
950
760
900
630
890
270
460
450
920
450
250
260
330
360
460
390
530
470
800
900
470
660
510
480
570
850
960
370
810
210
810
220
440
740
600
440
680
850
350
790
980
280
930
360
740
980
700
870
840
520
470
200
400
670
470
240
350
960
920
800
780
580
870
420
670
370
950
280
250
730
790
880
820
540
280
610
210
930
960
720
590
380
410
740
520
210
420
310
930
420
460
1000
840
320
350
340
710
620
920
990
800
930
880
790
680
460
690
640
350
490
600
650
770
360
440
310
810
760
490
830
240
250
470
460
680
490
720
960
820
980
260
810
550
850
860
520
730
760
750
420
200
870
220
790
580
470
260
260
440
760
870
280
830
280
740
1000
360
430
820
670
220
560
430
410
730
700
340
900
540
470
890
420
620
540
300
480
480
470
390
950
390
460
940
750
410
450
290
460
620
920
990
990
770
670
300
930
640
300
430
930
550
970
810
430
710
310
530
940
570
220
930
640
830
760
450
530
820
500
560
400
670
270
970
210
920
750
840
250
480
710
420
620
300
860
440
330
920
1000
330
330
440
370
360
560
730
350
390
630
250
700
920
400
590
450
950
970
430
460
220
730
980
580
200
450
210
210
940
840
780
400
200
400
290
740
210
910
250
860
610
270
330
690
750
610
200
860
350
940
340
220
910
920
670
970
750
550
220
510
720
380
870
280
660
600
500
410
900
930
970
990
630
870
540
390
420
470
570
380
580
500
500
640
650
710
430
210
850
560
230
330
300
290
900
280
210
370
240
200
350
960
710
430
380
840
660
700
620
950
490
260
270
600
530
310
800
520
780
260
270
900
970
890
850
300
960
780
850
540
210
330
610
820
860
440
560
530
670
770
760
730
420
260
210
890
870
560
600
920
930
1000
360
710
820
1000
950
970
670
850
610
710
560
470
320
460
830
340
700
400
220
930
820
900
500
490
400
540
490
600
530
370
300
370
810
370
390
520
910
950
730
930
890
960
940
1000
270
400
860
890
220
250
280
840
930
900
430
370
760
610
610
300
430
390
500
900
420
640
690
460
870
780
770
490
290
550
340
800
770
700
290
410
420
320
610
690
460
880
920
660
480
680
440
750
430
750
420
710
490
940
340
850
250
580
