416
1000
1500
200
210
690
250
550
670
350
890
270
750
420
220
730
600
320
400
680
570
780
480
710
960
340
530
500
760
880
620
530
370
720
640
360
680
560
230
730
690
430
510
580
310
400
220
790
700
510
290
990
450
970
920
530
250
840
290
260
740
680
420
550
760
500
880
760
620
860
660
400
870
260
580
300
1000
310
700
270
840
270
440
630
700
420
350
460
820
340
200
260
900
760
790
580
520
820
410
700
380
310
460
330
360
1000
860
220
560
750
820
950
920
510
600
970
940
610
340
800
400
970
480
490
650
960
710
460
850
400
220
320
950
970
290
920
240
730
630
370
210
650
880
890
770
620
640
220
560
370
620
510
840
460
450
750
770
330
280
280
590
780
250
260
300
770
450
610
960
790
650
470
960
580
750
850
860
970
260
230
780
490
370
270
500
390
870
390
960
960
540
760
600
520
630
560
870
490
820
300
610
960
740
510
340
960
220
200
540
410
930
1000
700
290
940
640
620
600
330
790
250
200
780
560
750
970
290
520
850
960
750
880
690
300
960
700
690
510
290
250
480
540
200
990
480
950
930
250
910
200
810
530
420
320
940
340
230
1000
430
570
670
810
700
470
1000
440
1000
910
270
690
670
600
800
810
870
270
660
440
470
910
350
930
220
770
550
560
280
520
610
590
230
990
690
890
620
340
380
660
850
380
210
980
600
260
720
320
820
560
560
250
680
630
690
800
260
930
430
500
700
460
680
410
790
500
460
790
830
860
260
580
560
390
350
990
720
650
690
630
330
670
200
370
310
340
760
320
880
540
390
660
430
930
490
820
300
820
980
310
500
950
690
670
820
410
680
850
630
280
750
880
500
790
310
390
360
450
500
260
970
690
490
360
790
770
970
390
290
850
270
620
960
890
200
840
670
320
230
970
840
380
750
400
230
930
970
980
260
310
960
890
580
1000
390
760
970
900
940
360
480
680
330
810
450
910
380
260
580
370
910
650
990
550
890
340
820
830
280
380
570
280
440
680
380
580
850
330
350
540
590
430
500
700
530
370
810
440
850
690
460
740
440
290
700
820
200
280
770
610
640
800
300
980
910
700
720
200
730
740
520
520
600
310
260
610
980
650
820
720
730
480
660
800
540
360
880
690
610
530
930
230
620
200
790
920
610
640
350
240
640
270
850
410
570
950
440
620
720
490
410
350
380
390
670
530
890
580
560
360
550
910
380
590
790
670
890
620
260
370
990
260
870
210
410
510
210
750
710
410
730
220
380
810
210
500
710
670
890
550
420
200
680
770
380
680
360
210
370
980
520
740
310
510
610
870
820
330
280
440
780
330
810
640
930
780
350
980
540
320
590
700
940
220
290
560
260
920
550
930
350
530
730
390
680
400
830
360
270
690
470
220
370
240
210
740
480
480
550
400
360
930
250
980
690
550
940
790
260
260
440
930
940
590
470
200
690
780
830
870
980
860
920
1000
450
800
950
380
290
320
450
930
970
880
830
370
200
610
740
900
1000
470
390
640
780
580
650
780
400
600
560
840
400
200
240
900
500
830
280
850
680
610
720
850
890
370
700
290
860
890
750
470
680
290
860
620
800
830
570
680
460
220
1000
420
410
820
570
820
610
350
420
450
210
350
930
800
650
310
380
990
260
720
770
750
300
560
680
820
350
770
690
370
430
290
460
200
340
390
390
850
480
470
360
230
960
840
320
360
700
780
890
450
290
550
770
320
900
440
480
920
950
850
210
260
350
450
830
860
370
380
790
710
750
800
540
380
360
710
260
980
820
260
660
720
610
400
820
870
810
820
660
740
420
520
330
970
400
430
340
210
540
760
950
350
500
310
950
330
990
310
490
420
500
780
290
560
740
980
610
660
570
770
950
930
890
280
710
500
370
950
680
600
460
780
710
510
260
900
870
550
640
370
900
710
690
390
200
250
480
910
520
720
740
420
400
900
580
540
690
760
860
990
370
620
840
470
430
200
370
830
990
590
710
260
430
300
630
920
400
530
210
990
440
740
270
630
700
920
920
870
560
680
790
740
600
820
240
310
300
530
890
240
710
610
480
1000
700
540
510
970
960
610
480
610
490
800
870
820
450
930
520
830
240
640
280
210
370
280
870
530
780
570
970
790
480
970
880
270
330
810
300
580
690
960
770
350
460
930
550
490
350
230
450
860
840
710
530
880
360
540
850
430
290
600
370
470
690
210
890
650
220
490
590
980
790
900
680
200
300
830
250
440
200
500
940
350
620
760
380
450
520
910
810
200
490
990
650
630
590
850
360
820
470
960
540
