209
500
1500
830
370
350
860
840
500
570
480
870
970
890
520
250
730
520
480
960
350
260
470
750
310
560
440
630
400
970
470
940
310
220
310
780
230
890
730
350
940
430
910
830
400
870
310
770
630
550
540
300
360
530
890
440
420
920
670
410
990
500
310
480
640
750
770
910
980
820
520
480
650
770
520
820
370
500
870
440
960
300
870
670
240
330
210
900
560
620
280
380
860
270
690
230
310
290
970
690
280
360
850
540
960
460
630
750
780
380
270
380
860
700
200
690
690
320
310
280
740
820
820
660
960
580
890
560
780
370
240
310
350
290
640
990
970
860
300
290
880
650
830
790
200
560
250
330
530
960
630
680
830
260
870
640
480
330
630
1000
590
970
430
860
870
320
720
420
730
490
640
570
920
750
760
770
420
970
210
780
560
380
650
370
590
830
550
900
290
800
320
580
490
460
420
220
300
500
290
580
470
770
510
520
890
350
510
880
900
830
230
560
590
900
520
530
670
990
380
880
240
890
660
450
740
620
880
980
890
760
740
890
560
370
360
940
570
930
340
400
820
730
980
400
920
900
660
440
520
650
690
760
470
910
570
860
340
550
400
520
960
230
380
330
470
440
850
510
500
750
720
790
530
910
560
540
740
790
830
460
340
220
510
440
200
270
370
890
680
980
750
790
570
420
280
290
1000
670
340
1000
670
680
920
750
1000
720
550
530
230
500
760
640
360
600
830
600
860
920
470
840
750
1000
530
920
350
860
490
580
230
260
250
820
710
260
410
450
930
610
470
770
550
290
570
700
500
450
980
810
270
250
770
930
790
470
720
810
310
270
340
470
220
820
230
830
230
750
640
680
390
540
820
260
240
270
810
300
650
310
990
400
950
490
580
930
300
630
380
840
400
440
940
250
700
740
590
330
720
330
630
470
580
850
990
1000
290
290
600
970
330
680
520
960
590
230
300
460
790
200
760
400
690
490
360
650
960
330
480
930
450
230
510
850
420
930
650
990
350
860
220
630
510
660
210
780
320
790
440
590
340
760
440
290
390
500
550
710
790
980
560
320
330
900
410
580
310
570
500
740
270
780
710
470
620
410
420
220
970
820
950
270
630
690
910
580
550
840
830
350
730
390
680
810
650
640
690
570
820
1000
750
250
500
570
900
