839
2000
1500
690
580
620
370
380
650
430
830
250
660
440
540
1000
560
820
940
760
690
980
350
960
250
910
730
780
690
790
790
260
440
600
800
460
540
990
670
980
680
310
250
550
960
970
210
730
440
490
690
420
390
600
920
610
790
780
400
780
200
900
380
570
420
290
200
790
690
800
720
510
220
310
690
900
840
660
840
840
810
660
430
820
410
400
610
910
510
320
750
420
210
930
580
480
370
500
330
990
590
660
280
700
950
940
280
670
930
840
480
750
620
920
990
950
700
670
620
850
650
790
600
880
470
490
580
310
270
990
450
780
980
790
790
390
610
870
400
930
250
260
590
340
610
230
820
300
570
380
240
650
530
360
790
990
230
700
620
1000
550
900
460
720
620
750
480
630
980
750
860
590
850
660
710
650
420
690
320
950
290
960
870
750
290
470
830
610
770
690
950
380
550
820
340
930
550
290
500
280
540
620
840
500
840
940
790
960
560
530
440
330
820
920
690
200
470
350
880
860
910
810
960
570
880
680
840
900
670
880
310
910
870
200
620
400
340
200
580
310
860
280
570
200
250
830
710
780
710
200
820
720
830
630
510
260
690
840
820
940
640
980
610
500
710
870
670
890
610
250
550
830
390
970
290
470
810
840
720
720
590
270
730
310
960
230
870
910
930
850
280
680
810
620
880
360
380
570
740
740
230
730
520
690
810
270
950
520
350
380
350
590
320
830
390
360
240
820
830
960
460
520
670
380
320
840
770
610
320
670
800
400
380
560
390
570
210
620
800
890
530
520
610
640
650
970
920
1000
790
960
320
1000
850
630
830
620
290
640
880
600
340
600
890
920
950
610
420
760
750
690
1000
960
530
970
260
720
300
500
970
450
760
280
780
330
350
320
980
400
970
370
580
480
810
680
260
520
220
980
330
680
510
370
920
430
990
690
880
670
640
890
700
570
240
390
550
680
230
580
770
350
700
610
510
600
840
750
260
750
850
300
770
420
200
250
840
860
800
670
680
410
390
600
790
900
430
960
930
420
730
940
460
320
290
880
420
550
880
330
440
260
250
440
540
330
900
810
960
700
940
620
410
560
370
300
250
810
450
290
450
290
440
380
850
590
410
380
910
340
260
370
560
490
690
540
220
380
420
220
960
250
350
960
460
490
240
830
400
300
880
820
290
310
850
720
630
500
750
290
360
830
690
300
750
920
710
790
250
870
910
680
620
860
790
440
220
890
560
530
490
740
800
650
840
290
570
210
750
600
670
970
500
410
650
430
810
700
690
340
370
360
700
900
260
690
470
820
730
260
470
290
800
770
390
530
490
560
750
580
310
770
300
360
260
840
270
630
600
890
400
520
650
660
660
630
270
330
630
430
690
500
660
410
400
300
460
810
600
540
680
620
510
370
960
210
870
310
720
260
810
820
910
560
240
400
580
620
530
600
340
890
370
910
510
620
300
310
780
560
550
790
370
570
720
880
850
930
690
910
370
260
720
650
330
300
580
620
540
720
260
360
630
690
480
490
710
600
530
400
510
870
330
400
200
780
540
630
350
960
450
620
370
210
560
820
560
850
980
880
350
870
740
370
420
890
490
250
790
310
920
600
980
980
700
270
330
900
320
740
560
660
360
530
970
210
520
600
770
890
330
350
250
890
500
970
310
810
680
770
930
280
940
730
750
640
430
990
530
1000
220
430
990
440
730
370
600
260
770
820
990
590
600
700
200
510
580
930
670
710
760
800
700
710
830
790
990
590
270
810
280
920
390
350
590
480
250
420
500
440
460
840
790
890
540
700
1000
750
540
790
970
960
410
360
690
210
230
590
990
550
250
330
900
530
860
310
510
550
590
360
900
270
370
820
230
680
970
750
900
410
370
960
480
850
210
220
540
790
800
310
500
410
480
350
610
330
760
650
400
360
210
290
410
270
280
260
700
260
970
850
340
390
710
730
760
330
600
640
260
780
530
860
450
650
840
260
670
970
370
410
250
490
540
330
430
740
490
940
510
980
420
550
930
860
650
650
380
870
310
670
710
900
860
830
890
850
290
760
490
870
290
810
400
500
330
610
220
400
360
1000
690
230
290
520
290
370
200
960
280
460
270
200
560
690
890
440
930
300
420
390
310
770
570
370
280
370
350
330
990
330
840
790
990
620
640
770
920
480
440
200
730
450
670
360
930
740
960
940
260
640
910
800
720
770
530
720
310
930
730
640
440
500
770
470
940
570
550
890
920
460
480
500
430
610
380
240
280
210
380
250
440
470
640
500
670
380
600
340
980
760
570
650
860
1000
610
420
760
410
280
930
380
280
500
960
680
310
990
830
890
870
200
460
540
550
900
960
250
290
840
980
460
310
770
200
220
700
870
810
280
350
730
610
800
290
560
650
950
540
430
240
640
340
900
610
240
970
640
540
290
950
480
910
860
470
790
760
260
380
820
840
280
850
250
420
720
510
780
230
260
380
800
640
530
910
960
350
260
400
930
520
350
200
830
470
340
670
910
800
670
960
950
1000
650
730
780
370
530
430
740
470
990
760
740
640
950
980
300
600
470
270
790
740
780
820
350
670
800
230
330
680
810
340
550
360
700
260
920
850
270
850
490
640
380
380
480
350
350
600
950
610
400
640
620
310
970
200
300
450
350
970
260
900
890
750
810
200
430
780
440
290
720
870
400
410
900
820
240
310
240
440
840
720
520
480
990
490
680
900
260
590
610
760
540
230
960
600
920
360
660
370
490
360
820
800
760
580
310
450
410
400
360
900
410
860
940
430
740
330
580
770
930
710
230
260
890
660
590
290
310
720
990
280
400
930
780
290
390
870
790
980
420
920
570
950
950
530
520
310
910
590
200
450
310
340
320
540
210
780
700
730
340
210
530
330
520
860
240
450
980
650
550
360
820
200
860
480
560
720
910
650
530
510
410
340
480
970
450
250
990
450
420
950
320
660
530
380
820
660
710
500
950
350
890
770
510
420
390
690
800
740
600
380
650
820
640
370
470
300
580
550
770
460
420
970
280
590
1000
220
650
200
990
480
310
790
270
840
330
960
910
780
460
200
740
340
240
260
630
420
900
540
210
320
930
510
230
820
280
640
860
560
980
980
790
950
580
290
470
700
710
200
620
430
840
770
430
870
680
200
880
360
770
810
230
560
480
630
860
880
820
480
1000
440
450
240
310
680
770
200
480
560
710
840
820
250
200
670
840
790
340
970
820
770
600
350
200
590
1000
450
940
650
540
440
330
860
400
320
300
880
280
890
520
540
410
610
270
720
260
320
760
440
890
840
830
760
510
700
700
700
840
740
420
930
750
330
580
610
920
440
390
650
860
770
540
370
690
850
280
810
840
840
680
610
730
990
550
340
360
490
780
450
250
770
680
350
1000
470
800
320
730
610
610
760
810
430
650
420
440
260
1000
840
850
280
210
970
260
940
750
820
590
270
860
1000
650
970
510
820
360
870
850
530
480
630
820
350
270
860
700
800
910
610
430
680
220
400
850
450
980
220
540
960
640
510
740
700
950
310
350
290
780
480
640
380
300
460
850
350
400
940
930
610
880
670
590
860
890
210
890
390
910
890
740
370
350
270
1000
640
370
590
970
800
290
910
500
960
690
800
320
240
780
690
330
280
870
220
380
320
760
620
200
210
200
220
870
770
780
460
960
430
360
590
1000
790
630
700
730
630
680
950
240
590
950
610
450
500
1000
600
1000
790
720
860
220
560
930
760
370
370
950
490
590
200
430
240
840
350
930
470
930
220
930
1000
870
940
360
520
750
540
540
770
380
520
590
950
770
630
860
740
690
870
950
380
500
200
380
720
640
300
850
980
910
780
890
680
910
750
480
570
800
930
750
780
320
400
450
300
440
820
330
610
260
810
850
780
520
210
1000
410
540
480
750
280
370
410
350
900
680
380
280
440
310
550
240
620
710
310
950
290
700
920
260
660
720
400
530
890
960
270
950
780
320
540
700
410
790
460
300
680
990
580
990
220
780
470
700
200
960
410
450
480
460
910
430
850
880
940
350
580
440
740
790
780
270
580
230
770
990
680
860
910
490
710
920
810
970
230
790
880
500
620
870
280
850
610
970
710
560
500
380
220
850
460
890
890
290
610
430
280
990
800
700
700
870
970
240
630
980
850
310
820
800
330
430
250
420
770
440
970
360
240
370
700
760
230
210
470
390
800
870
480
400
440
940
510
590
960
250
680
260
520
580
990
450
210
500
280
390
770
900
980
300
760
410
320
980
720
440
510
730
810
710
650
320
700
570
580
950
710
740
210
520
570
770
400
790
820
610
470
600
590
400
800
390
590
890
740
620
230
680
400
550
470
560
820
490
390
680
700
510
320
400
530
920
360
990
540
520
590
210
200
750
290
710
920
860
790
580
310
530
740
460
200
270
440
200
600
460
370
360
670
850
760
390
830
570
270
240
660
1000
310
880
630
610
200
300
460
540
730
450
230
660
820
200
390
930
800
380
240
980
200
950
890
880
280
590
550
440
590
540
610
740
670
620
600
990
820
490
700
340
620
430
600
850
740
1000
270
720
860
800
870
470
590
520
540
470
680
420
