206
500
1500
990
700
690
540
880
820
290
820
610
790
860
650
990
380
910
880
760
280
260
680
500
860
530
700
390
790
610
1000
440
500
340
480
280
290
760
820
310
790
740
370
440
1000
900
890
290
210
230
530
760
810
350
930
480
280
380
630
930
330
370
400
400
590
720
880
580
620
300
620
280
990
690
250
740
870
710
490
960
940
560
720
830
330
210
970
360
560
220
630
920
210
400
980
560
350
970
470
570
580
610
600
260
930
460
460
200
790
360
660
370
780
450
240
900
580
450
600
200
350
270
530
200
360
260
380
710
520
960
990
720
500
250
660
760
830
370
660
830
260
510
650
370
300
980
670
910
940
610
550
320
700
850
450
480
200
730
820
260
890
420
710
670
1000
650
430
300
410
280
460
510
750
720
440
650
270
560
970
280
710
540
820
800
610
490
510
290
880
680
920
300
890
270
600
330
930
880
590
790
420
620
560
970
380
250
870
690
490
530
640
450
370
540
240
360
680
470
930
820
500
430
620
520
500
260
1000
400
260
990
200
210
970
600
910
810
320
760
780
530
970
680
770
330
640
390
940
510
610
350
370
850
780
880
590
830
950
730
970
430
270
590
230
860
400
290
540
950
300
490
200
310
380
650
810
340
960
220
210
260
930
820
980
490
420
260
310
430
760
560
220
320
930
800
920
340
710
440
610
670
860
350
550
270
900
290
770
990
420
310
210
970
790
310
350
550
200
200
920
620
460
350
580
440
960
680
880
820
570
910
680
260
810
880
480
400
650
820
630
250
200
920
250
280
610
660
480
570
400
440
750
640
500
580
260
790
350
270
390
510
640
690
930
550
840
650
260
230
560
250
310
670
580
350
370
390
460
750
290
790
970
730
880
220
800
870
690
620
870
230
770
410
840
330
610
870
490
690
250
770
610
850
500
230
770
230
1000
360
340
890
790
220
890
890
700
530
760
530
970
420
780
910
820
230
330
760
680
410
790
260
320
970
640
520
770
590
850
460
750
410
340
200
380
640
750
700
830
310
450
380
930
270
260
980
740
790
950
320
990
960
200
590
740
370
340
850
360
960
260
780
520
700
350
710
980
980
700
840
560
540
560
710
350
470
320
610
630
200
560
550
780
540
420
340
960
340
740
990
930
460
730
830
880
