845
2000
1500
510
550
930
960
980
700
490
630
970
220
490
490
760
370
340
710
650
710
880
780
380
570
920
250
630
210
370
710
850
1000
400
600
710
420
940
990
460
650
990
450
500
400
350
320
810
200
920
280
360
390
510
220
490
320
450
760
300
880
320
260
280
530
830
310
970
660
240
200
500
530
760
360
520
940
340
420
390
950
300
270
820
1000
910
570
900
210
290
790
720
550
220
670
790
840
710
520
310
980
530
370
690
480
600
400
360
490
870
950
780
550
690
580
570
510
700
560
550
440
600
850
800
970
390
470
670
350
370
340
580
600
500
860
470
350
850
850
670
850
200
350
650
470
460
870
220
800
360
810
480
630
490
490
690
360
930
780
670
650
220
430
810
730
380
510
520
460
600
900
410
490
410
430
380
500
320
260
700
350
710
670
270
210
270
270
770
590
900
610
440
470
400
900
710
490
430
720
250
530
500
260
290
850
500
580
850
530
920
270
770
910
320
580
880
290
600
950
460
900
930
460
620
890
570
350
720
670
970
730
200
240
210
240
410
960
270
450
570
390
890
700
410
490
490
920
900
1000
460
810
710
330
920
320
1000
200
970
570
800
550
760
250
730
650
230
400
790
720
560
850
290
800
450
410
1000
920
310
1000
690
520
920
300
940
960
890
680
250
230
490
250
860
220
550
850
840
740
630
710
750
380
880
660
450
720
780
860
530
830
400
390
210
840
470
820
290
960
620
950
860
330
700
690
440
220
540
680
540
610
890
790
470
300
760
960
370
820
340
210
890
870
800
660
290
410
220
810
950
850
580
330
930
280
820
210
880
540
710
900
960
220
210
840
380
360
730
560
690
370
940
960
830
960
260
450
440
330
340
700
590
330
460
610
850
290
670
560
980
640
950
630
830
790
770
720
270
930
810
710
970
840
290
670
830
850
370
940
610
350
460
240
1000
630
910
740
240
980
740
730
900
460
420
940
260
800
340
940
420
200
860
610
700
670
390
920
640
980
430
970
230
400
590
860
890
570
390
290
930
560
280
850
450
840
550
440
890
260
340
880
320
200
760
850
560
800
710
310
720
820
630
940
360
300
990
760
510
220
550
600
630
470
230
510
830
320
870
350
340
650
910
820
590
740
420
860
620
380
630
220
360
380
490
480
680
680
920
380
980
940
480
210
530
690
410
360
530
980
1000
630
500
730
290
350
850
760
790
960
590
660
990
450
660
440
320
540
900
660
520
610
540
390
220
230
450
760
570
470
230
400
500
470
360
930
890
210
550
700
690
560
790
880
340
220
280
1000
420
630
720
500
270
740
770
600
430
700
860
570
850
580
530
870
260
840
610
890
520
560
830
350
490
940
850
980
790
710
650
930
940
420
480
270
680
570
490
650
800
350
970
940
650
630
510
580
820
350
900
560
570
430
620
400
830
770
980
460
820
630
850
620
360
340
710
390
320
610
740
610
490
220
600
210
400
580
780
860
410
200
830
700
730
850
200
290
350
800
600
500
920
240
470
890
220
240
830
740
470
330
840
710
870
620
210
830
450
950
750
450
830
830
440
690
570
560
760
910
310
270
610
950
780
260
720
550
770
360
690
200
930
480
680
700
520
970
1000
460
370
500
970
610
870
910
840
790
870
770
480
710
550
740
410
930
1000
600
810
990
650
1000
240
330
390
700
240
570
390
420
840
410
540
620
780
380
780
860
700
460
610
910
870
960
410
670
820
630
420
700
940
320
980
580
780
900
330
560
570
730
400
350
330
550
890
470
500
970
520
900
450
850
280
400
570
650
380
420
250
340
900
860
550
220
480
410
640
330
540
730
200
600
740
370
660
770
500
650
420
530
760
540
310
350
570
970
580
510
640
810
290
290
1000
950
250
450
600
480
390
730
670
440
300
830
380
900
550
310
790
430
400
500
450
470
830
580
890
990
470
360
500
900
370
430
280
260
960
890
210
600
220
720
670
250
440
650
880
600
460
740
700
560
850
390
290
810
400
210
970
400
680
870
290
560
670
400
720
670
300
690
1000
980
460
870
380
460
680
650
350
220
730
950
970
470
710
380
850
640
590
310
240
380
390
210
1000
930
950
590
970
950
630
560
930
800
670
540
250
530
750
340
750
320
310
450
220
390
460
200
930
510
370
700
210
310
1000
340
590
390
620
200
670
430
220
390
810
380
260
960
340
310
940
660
990
530
440
530
820
570
210
900
760
500
540
540
580
450
660
990
940
550
900
720
290
610
700
580
310
360
400
590
700
430
850
940
700
380
830
740
300
810
430
790
630
680
960
1000
970
780
970
560
930
280
930
900
540
880
290
790
740
620
670
790
610
820
760
370
970
760
570
360
220
450
350
820
360
200
720
230
250
600
610
650
280
380
860
980
340
260
540
760
210
230
470
860
550
900
850
350
630
210
830
420
410
300
820
420
270
540
970
810
500
630
700
350
340
920
500
870
230
460
290
310
400
620
920
250
730
730
210
440
700
260
810
610
900
990
340
430
770
800
400
950
430
830
710
440
790
440
240
690
790
620
590
730
930
370
540
720
630
610
740
650
350
390
890
510
940
900
740
750
920
720
710
380
860
470
740
420
240
870
920
950
750
970
850
710
370
870
660
350
330
790
500
850
210
730
520
660
490
920
770
760
370
510
230
690
710
850
500
570
690
820
720
960
830
930
220
200
690
710
390
750
980
790
910
750
480
610
810
430
660
550
380
710
750
470
850
400
460
850
360
340
810
310
470
620
980
770
430
210
800
710
210
470
210
710
660
480
760
810
970
1000
670
290
490
450
720
990
830
480
860
970
730
970
400
830
250
250
1000
760
720
320
410
810
940
770
900
350
930
490
430
610
780
1000
250
470
490
990
870
330
460
700
610
840
800
520
240
460
740
300
550
630
840
540
420
890
460
900
990
310
220
250
990
380
400
860
360
780
270
990
860
450
270
520
850
480
800
970
340
570
450
770
230
210
410
770
520
410
270
890
470
490
320
220
1000
390
290
630
250
860
240
860
900
510
520
660
430
830
730
460
260
440
940
960
370
480
250
620
290
890
660
450
810
660
730
350
760
520
700
730
900
970
570
450
790
790
520
750
680
660
450
530
560
510
790
420
480
630
300
870
790
900
910
310
680
430
890
880
930
970
700
800
990
980
940
410
470
420
720
560
540
980
980
320
730
730
770
840
260
620
520
210
380
290
840
900
490
520
670
440
850
310
840
640
350
320
680
820
250
570
410
520
930
630
980
720
270
430
560
720
810
730
500
420
390
590
870
930
910
300
570
400
460
860
450
350
740
480
840
330
270
420
300
470
470
270
970
380
330
500
880
800
430
500
320
410
600
650
480
950
900
610
530
570
470
960
360
440
640
290
870
470
920
420
730
560
920
660
470
670
200
600
860
930
370
890
840
530
820
860
470
300
740
660
520
490
740
730
350
240
230
580
560
480
550
310
730
660
270
920
750
940
200
580
420
950
750
440
740
940
710
540
810
420
680
520
260
500
930
520
390
260
680
460
890
280
810
440
480
780
480
560
530
360
750
230
930
230
900
810
800
550
860
590
940
820
410
910
280
460
310
820
420
520
500
450
350
530
960
800
580
410
610
920
970
560
880
700
870
290
620
910
920
370
720
270
820
460
620
570
300
460
660
420
510
920
930
570
540
890
470
380
690
750
670
580
680
510
670
210
580
420
500
300
900
650
360
440
360
950
410
730
220
280
260
970
720
990
900
500
560
870
950
640
270
520
930
420
500
820
860
840
820
890
500
840
450
520
640
870
410
460
680
780
950
580
890
780
500
530
830
270
620
800
600
770
300
750
690
690
370
560
440
500
920
330
580
860
410
270
900
720
390
370
330
560
980
900
550
690
350
720
330
590
320
570
290
210
530
860
700
330
720
450
890
520
710
500
210
440
850
910
490
970
900
420
340
660
450
610
200
910
680
830
750
330
200
580
950
980
730
1000
930
700
350
260
280
690
300
560
610
390
350
500
430
230
300
800
1000
900
530
760
800
200
950
640
340
360
890
830
290
1000
590
300
870
620
410
440
770
880
860
460
490
470
840
330
550
950
670
950
1000
690
450
470
460
880
720
810
610
320
300
880
820
230
370
410
480
930
700
630
590
290
840
590
460
460
210
390
430
640
650
850
980
250
810
990
820
610
700
440
670
370
470
850
850
790
880
250
670
900
470
260
320
950
650
530
230
880
370
630
420
680
430
630
870
840
400
690
880
600
530
900
210
670
210
590
650
780
410
370
420
780
640
670
270
510
290
850
310
800
380
620
560
690
290
820
390
830
560
750
310
1000
280
720
710
850
960
1000
980
410
800
660
200
900
890
990
600
600
430
510
560
290
310
760
230
280
560
830
840
960
920
900
330
780
470
380
500
950
780
840
830
540
440
200
420
340
220
430
220
720
520
360
980
460
220
390
370
220
430
510
510
330
920
680
760
830
910
320
490
700
870
380
850
810
720
400
890
600
220
630
330
210
830
870
810
340
710
470
440
950
410
250
620
570
560
500
950
250
860
750
490
640
910
560
560
840
330
620
920
640
720
930
940
440
430
630
370
380
