414
1000
1500
470
660
710
480
220
290
380
240
440
540
670
810
690
290
700
960
280
670
550
800
200
610
680
210
400
870
900
870
810
510
540
970
280
960
1000
540
950
720
900
870
580
430
310
450
620
660
580
620
280
890
340
310
800
360
330
510
810
780
900
700
420
930
860
250
210
1000
210
380
890
660
290
790
930
490
890
540
560
450
300
650
270
970
260
890
300
470
400
770
490
420
220
430
330
330
430
720
290
400
700
690
600
350
630
260
820
820
640
760
460
630
560
1000
610
660
610
720
760
710
720
860
260
940
760
590
410
490
630
350
540
970
790
310
1000
470
440
480
1000
380
470
610
680
790
890
910
610
710
650
240
930
960
200
280
900
880
980
420
620
880
230
790
310
310
390
520
630
570
500
290
710
970
560
620
510
440
820
260
460
510
260
1000
650
980
970
590
960
930
810
380
470
310
790
280
300
570
710
630
800
610
820
390
670
700
780
410
490
570
910
580
1000
660
510
740
940
830
640
200
400
830
640
320
450
700
430
880
550
530
550
660
750
340
860
770
860
680
830
660
320
410
230
430
230
470
720
220
450
550
930
680
740
900
430
620
870
630
230
770
350
650
730
220
470
250
480
600
760
210
590
580
450
750
470
580
840
650
910
480
820
350
820
810
930
530
410
440
740
220
810
710
960
370
330
400
340
420
480
780
260
870
790
510
230
200
290
340
760
500
720
740
890
780
420
210
900
600
600
210
530
360
700
950
440
980
720
860
240
830
510
360
850
500
950
320
870
270
840
820
920
300
740
680
650
200
600
410
210
290
290
840
1000
300
290
980
700
750
870
320
920
300
560
530
520
840
980
210
250
370
600
500
870
730
540
270
350
340
710
490
740
800
930
460
970
990
500
590
690
940
740
210
200
950
730
230
260
750
300
660
410
270
220
500
700
250
690
540
760
510
380
850
500
780
600
280
260
330
460
280
970
520
960
680
290
360
800
560
740
250
250
390
320
810
380
900
750
320
930
260
950
870
760
890
270
930
840
500
970
220
770
370
470
970
380
560
560
900
450
290
510
660
450
320
710
350
730
580
710
830
800
250
220
300
830
350
210
310
420
700
750
890
340
890
210
530
520
350
620
840
460
710
610
530
230
590
480
590
700
740
640
950
980
710
980
260
500
350
530
200
290
220
780
240
370
960
820
460
910
430
580
250
870
610
860
610
680
950
970
980
630
510
430
300
720
690
780
910
650
320
680
630
880
770
720
950
890
280
530
350
200
240
970
360
730
650
890
230
320
850
790
890
410
890
250
360
250
290
930
990
450
510
720
270
270
410
250
400
960
290
350
380
520
420
550
810
770
850
730
680
270
740
940
960
320
200
590
570
850
790
610
710
640
620
950
380
430
290
690
550
240
250
660
910
560
930
410
520
770
600
830
380
520
790
760
210
480
450
540
590
250
220
690
600
820
620
800
700
500
770
400
660
990
320
550
820
400
960
430
700
810
260
810
550
850
940
450
690
1000
230
870
850
970
310
750
750
830
690
410
1000
510
470
540
820
220
670
850
280
290
260
990
560
900
590
450
510
840
340
230
870
320
440
910
340
740
560
210
740
590
870
750
250
870
980
300
860
580
830
590
750
730
290
700
370
910
370
790
890
890
580
310
340
330
220
530
200
480
540
580
380
760
660
480
820
200
290
750
450
330
800
680
950
710
260
220
860
680
550
340
350
780
220
470
720
680
760
510
950
770
610
580
280
500
690
860
990
310
900
920
560
450
460
900
570
740
830
400
1000
450
650
380
660
540
420
330
490
380
360
310
820
330
610
490
720
460
450
660
280
280
700
620
350
760
690
930
630
600
470
960
530
700
880
900
300
440
320
460
430
210
410
860
420
310
580
930
720
730
840
580
790
570
830
520
270
940
440
250
810
830
850
770
300
350
830
380
220
770
780
730
500
580
930
730
990
910
870
530
910
870
870
500
280
450
720
820
390
880
310
380
500
600
830
540
560
570
770
250
530
790
450
260
290
750
440
610
850
810
960
310
620
720
560
580
980
350
480
360
960
360
350
690
300
980
340
260
680
210
400
420
530
280
230
520
950
720
950
940
610
390
440
720
750
580
880
660
500
280
340
480
220
940
610
870
520
850
220
720
950
480
210
380
700
470
450
440
740
630
860
300
880
910
370
940
600
670
320
800
630
770
460
560
310
830
630
480
920
350
810
500
910
620
340
810
760
570
620
750
800
240
280
490
590
690
400
690
1000
760
770
210
200
320
710
830
440
260
570
260
600
250
580
250
290
200
900
