210
500
1500
330
880
470
730
980
580
930
580
870
450
800
250
580
310
200
890
990
420
790
610
280
450
730
720
540
820
740
690
740
900
310
980
810
420
320
430
730
480
870
710
850
560
870
390
250
770
840
620
600
380
290
590
510
230
410
630
250
950
840
260
770
720
230
590
460
480
210
260
910
290
280
580
220
550
270
290
490
270
860
280
330
640
460
490
570
710
950
900
310
680
380
660
980
400
920
680
680
690
530
860
890
840
760
930
840
940
260
700
960
300
420
550
260
1000
430
810
680
380
950
260
260
290
630
820
970
450
510
350
540
460
790
570
280
740
210
960
900
320
610
590
900
290
750
820
580
720
480
430
880
690
240
400
960
700
660
620
940
480
580
510
280
940
330
510
960
440
290
600
200
310
300
650
770
1000
610
650
560
700
790
260
690
380
580
710
870
740
840
410
580
250
660
460
200
600
960
450
750
970
660
950
600
340
530
290
860
640
610
240
850
390
700
540
340
760
410
620
260
530
810
340
810
200
370
500
910
250
400
970
950
560
780
590
240
380
250
490
720
710
210
720
700
500
570
390
540
210
520
500
860
520
760
690
200
210
380
830
500
380
870
600
250
520
590
600
340
360
440
540
660
810
510
220
610
480
520
590
550
830
970
730
870
960
830
950
760
1000
400
220
520
820
880
350
610
400
430
730
830
200
350
890
880
810
780
430
710
540
860
780
490
520
620
340
660
540
870
470
310
770
700
340
750
430
730
870
380
560
780
260
370
770
760
580
810
420
740
800
700
220
700
980
380
890
320
290
810
290
970
370
220
530
980
910
670
400
700
830
890
600
820
710
730
920
250
950
450
380
790
560
530
310
760
460
720
680
630
290
830
560
890
550
220
630
1000
300
250
880
610
630
620
830
760
850
980
510
310
650
610
310
250
400
450
750
510
690
290
790
230
560
310
480
340
940
800
500
720
790
690
680
440
890
780
360
490
450
830
580
770
660
1000
230
940
580
890
530
790
880
310
760
840
800
450
470
980
820
720
870
680
280
520
900
500
790
430
620
310
650
990
870
960
900
360
250
360
710
550
980
440
750
740
480
820
280
720
960
420
270
930
920
950
280
550
210
910
560
320
710
290
290
900
840
500
500
940
220
380
1000
400
200
740
210
